# transform file transforms/talairach.lta
# created by freesurfer_user on Mon Jul 10 15:55:49 2017

type      = 0 # LINEAR_VOX_TO_VOX
nxforms   = 1
mean      = 131.0000 102.0000 123.0000
sigma     = 10000.0000
1 4 4
1.073526024818420e+00 4.232334718108177e-02 8.008757978677750e-02 -2.841866683959961e+01 
-3.783087804913521e-02 1.035364508628845e+00 1.036454737186432e-02 2.153604316711426e+01 
-6.631108373403549e-02 -2.313580363988876e-02 1.036178708076477e+00 -5.591133594512939e+00 
0.000000000000000e+00 0.000000000000000e+00 0.000000000000000e+00 1.000000000000000e+00 
src volume info
valid = 1  # volume info valid
filename = nu.mgz
volume = 256 256 256
voxelsize = 1.000000000000000e+00 1.000000000000000e+00 1.000000000000000e+00
xras   = -1.000000000000000e+00 0.000000000000000e+00 0.000000000000000e+00
yras   = 0.000000000000000e+00 0.000000000000000e+00 -1.000000000000000e+00
zras   = 0.000000000000000e+00 1.000000000000000e+00 0.000000000000000e+00
cras   = 1.193821716308594e+01 3.574534606933594e+01 -2.212936401367188e+00
dst volume info
valid = 1  # volume info valid
filename = /Applications/freesurfer/average/RB_all_2016-05-10.vc700.gca
volume = 256 256 256
voxelsize = 1.000000000000000e+00 1.000000000000000e+00 1.000000000000000e+00
xras   = -1.000000000000000e+00 0.000000000000000e+00 0.000000000000000e+00
yras   = 0.000000000000000e+00 0.000000000000000e+00 -1.000000000000000e+00
zras   = 0.000000000000000e+00 1.000000000000000e+00 0.000000000000000e+00
cras   = 0.000000000000000e+00 0.000000000000000e+00 0.000000000000000e+00
