# transform file transforms/talairach.lta
# created by freesurfer_user on Thu Jul 13 03:26:25 2017

type      = 0 # LINEAR_VOX_TO_VOX
nxforms   = 1
mean      = 126.0000 128.0000 142.0000
sigma     = 10000.0000
1 4 4
1.079829335212708e+00 -3.391963243484497e-02 1.725698858499527e-01 -2.885254096984863e+01 
2.285688417032361e-03 1.056057572364807e+00 1.655140221118927e-01 -3.110373306274414e+01 
-1.611374467611313e-01 -1.468310207128525e-01 9.366405606269836e-01 1.750683403015137e+01 
0.000000000000000e+00 0.000000000000000e+00 0.000000000000000e+00 1.000000000000000e+00 
src volume info
valid = 1  # volume info valid
filename = nu.mgz
volume = 256 256 256
voxelsize = 1.000000000000000e+00 1.000000000000000e+00 1.000000000000000e+00
xras   = -1.000000000000000e+00 0.000000000000000e+00 0.000000000000000e+00
yras   = 0.000000000000000e+00 0.000000000000000e+00 -1.000000000000000e+00
zras   = 0.000000000000000e+00 1.000000000000000e+00 0.000000000000000e+00
cras   = -2.318443298339844e+00 1.219086456298828e+01 -2.832786560058594e+00
dst volume info
valid = 1  # volume info valid
filename = /Applications/freesurfer/average/RB_all_2016-05-10.vc700.gca
volume = 256 256 256
voxelsize = 1.000000000000000e+00 1.000000000000000e+00 1.000000000000000e+00
xras   = -1.000000000000000e+00 0.000000000000000e+00 0.000000000000000e+00
yras   = 0.000000000000000e+00 0.000000000000000e+00 -1.000000000000000e+00
zras   = 0.000000000000000e+00 1.000000000000000e+00 0.000000000000000e+00
cras   = 0.000000000000000e+00 0.000000000000000e+00 0.000000000000000e+00
