# transform file transforms/talairach.lta
# created by freesurfer_user on Mon Jul 17 10:55:57 2017

type      = 0 # LINEAR_VOX_TO_VOX
nxforms   = 1
mean      = 133.0000 112.0000 97.0000
sigma     = 10000.0000
1 4 4
1.039154529571533e+00 5.571801587939262e-02 1.649297624826431e-01 -3.308089447021484e+01 
-5.698679015040398e-02 1.112153768539429e+00 1.218733564019203e-01 -2.043083667755127e+00 
-1.518987417221069e-01 -1.562888473272324e-01 9.753112196922302e-01 5.153144836425781e+01 
0.000000000000000e+00 0.000000000000000e+00 0.000000000000000e+00 1.000000000000000e+00 
src volume info
valid = 1  # volume info valid
filename = nu.mgz
volume = 256 256 256
voxelsize = 1.000000000000000e+00 1.000000000000000e+00 1.000000000000000e+00
xras   = -1.000000000000000e+00 0.000000000000000e+00 0.000000000000000e+00
yras   = 0.000000000000000e+00 0.000000000000000e+00 -1.000000000000000e+00
zras   = 0.000000000000000e+00 1.000000000000000e+00 0.000000000000000e+00
cras   = -2.318443298339844e+00 5.496084594726562e+01 -7.171798706054688e+00
dst volume info
valid = 1  # volume info valid
filename = /Applications/freesurfer/average/RB_all_2016-05-10.vc700.gca
volume = 256 256 256
voxelsize = 1.000000000000000e+00 1.000000000000000e+00 1.000000000000000e+00
xras   = -1.000000000000000e+00 0.000000000000000e+00 0.000000000000000e+00
yras   = 0.000000000000000e+00 0.000000000000000e+00 -1.000000000000000e+00
zras   = 0.000000000000000e+00 1.000000000000000e+00 0.000000000000000e+00
cras   = 0.000000000000000e+00 0.000000000000000e+00 0.000000000000000e+00
