# transform file transforms/talairach.lta
# created by freesurfer_user on Tue Jul 11 10:38:26 2017

type      = 0 # LINEAR_VOX_TO_VOX
nxforms   = 1
mean      = 134.0000 111.0000 96.0000
sigma     = 10000.0000
1 4 4
1.078599810600281e+00 9.625639021396637e-02 1.869997382164001e-01 -4.401528930664062e+01 
-6.869614869356155e-02 1.107301950454712e+00 1.310187131166458e-01 -1.160482168197632e-01 
-1.349350363016129e-01 -1.731199324131012e-01 9.909213781356812e-01 4.966784667968750e+01 
0.000000000000000e+00 0.000000000000000e+00 0.000000000000000e+00 1.000000000000000e+00 
src volume info
valid = 1  # volume info valid
filename = nu.mgz
volume = 256 256 256
voxelsize = 1.000000000000000e+00 1.000000000000000e+00 1.000000000000000e+00
xras   = -1.000000000000000e+00 0.000000000000000e+00 0.000000000000000e+00
yras   = 0.000000000000000e+00 0.000000000000000e+00 -1.000000000000000e+00
zras   = 0.000000000000000e+00 1.000000000000000e+00 0.000000000000000e+00
cras   = -2.318443298339844e+00 5.496084594726562e+01 -7.171798706054688e+00
dst volume info
valid = 1  # volume info valid
filename = /Applications/freesurfer/average/RB_all_2016-05-10.vc700.gca
volume = 256 256 256
voxelsize = 1.000000000000000e+00 1.000000000000000e+00 1.000000000000000e+00
xras   = -1.000000000000000e+00 0.000000000000000e+00 0.000000000000000e+00
yras   = 0.000000000000000e+00 0.000000000000000e+00 -1.000000000000000e+00
zras   = 0.000000000000000e+00 1.000000000000000e+00 0.000000000000000e+00
cras   = 0.000000000000000e+00 0.000000000000000e+00 0.000000000000000e+00
