# transform file transforms/talairach.lta
# created by freesurfer_user on Tue Jul 11 11:18:58 2017

type      = 0 # LINEAR_VOX_TO_VOX
nxforms   = 1
mean      = 121.0000 102.0000 98.0000
sigma     = 10000.0000
1 4 4
1.013205528259277e+00 -1.238700225949287e-01 -2.477871719747782e-03 1.487610816955566e+01 
1.319372206926346e-01 1.046507954597473e+00 2.029665112495422e-01 -1.950826263427734e+01 
-2.210974320769310e-02 -1.943201124668121e-01 9.389739632606506e-01 4.229432296752930e+01 
0.000000000000000e+00 0.000000000000000e+00 0.000000000000000e+00 1.000000000000000e+00 
src volume info
valid = 1  # volume info valid
filename = nu.mgz
volume = 256 256 256
voxelsize = 1.000000000000000e+00 1.000000000000000e+00 1.000000000000000e+00
xras   = -1.000000000000000e+00 0.000000000000000e+00 0.000000000000000e+00
yras   = 0.000000000000000e+00 0.000000000000000e+00 -1.000000000000000e+00
zras   = 0.000000000000000e+00 1.000000000000000e+00 0.000000000000000e+00
cras   = -2.318443298339844e+00 5.496084594726562e+01 -7.171798706054688e+00
dst volume info
valid = 1  # volume info valid
filename = /Applications/freesurfer/average/RB_all_2016-05-10.vc700.gca
volume = 256 256 256
voxelsize = 1.000000000000000e+00 1.000000000000000e+00 1.000000000000000e+00
xras   = -1.000000000000000e+00 0.000000000000000e+00 0.000000000000000e+00
yras   = 0.000000000000000e+00 0.000000000000000e+00 -1.000000000000000e+00
zras   = 0.000000000000000e+00 1.000000000000000e+00 0.000000000000000e+00
cras   = 0.000000000000000e+00 0.000000000000000e+00 0.000000000000000e+00
