# transform file transforms/talairach.lta
# created by freesurfer_user on Thu Jul 13 20:57:43 2017

type      = 0 # LINEAR_VOX_TO_VOX
nxforms   = 1
mean      = 125.0000 127.0000 114.0000
sigma     = 10000.0000
1 4 4
1.126995205879211e+00 7.377354055643082e-02 -4.259720072150230e-02 -1.996935844421387e+01 
-9.874265640974045e-02 1.230612993240356e+00 1.012611985206604e-01 -3.223117446899414e+01 
4.715069010853767e-02 -1.149247065186501e-01 1.085871815681458e+00 -5.227610588073730e+00 
0.000000000000000e+00 0.000000000000000e+00 0.000000000000000e+00 1.000000000000000e+00 
src volume info
valid = 1  # volume info valid
filename = nu.mgz
volume = 256 256 256
voxelsize = 1.000000000000000e+00 1.000000000000000e+00 1.000000000000000e+00
xras   = -1.000000000000000e+00 0.000000000000000e+00 0.000000000000000e+00
yras   = 0.000000000000000e+00 0.000000000000000e+00 -1.000000000000000e+00
zras   = 0.000000000000000e+00 1.000000000000000e+00 0.000000000000000e+00
cras   = -2.318443298339844e+00 3.884461975097656e+01 2.664871215820312e-01
dst volume info
valid = 1  # volume info valid
filename = /Applications/freesurfer/average/RB_all_2016-05-10.vc700.gca
volume = 256 256 256
voxelsize = 1.000000000000000e+00 1.000000000000000e+00 1.000000000000000e+00
xras   = -1.000000000000000e+00 0.000000000000000e+00 0.000000000000000e+00
yras   = 0.000000000000000e+00 0.000000000000000e+00 -1.000000000000000e+00
zras   = 0.000000000000000e+00 1.000000000000000e+00 0.000000000000000e+00
cras   = 0.000000000000000e+00 0.000000000000000e+00 0.000000000000000e+00
